(561,)
      Iter       Train Loss   Remaining Time 
         1       10456.4025            1.91m
         2        8708.3073            1.89m
         3        7407.1584            1.86m
         4        6411.7212            1.84m
         5        5570.6838            1.82m
         6        4882.2394            1.80m
         7        4316.5048            1.78m
         8        3833.7579            1.76m
         9        3409.6003            1.74m
        10        3069.0074            1.73m
        20        1259.1761            1.52m
        30         640.8348            1.34m
        40         392.1704            1.15m
        50         269.0233           57.15s
        60         197.2117           45.55s
        70         150.8903           33.91s
        80         117.3564           22.25s
        90          92.3229           10.93s
       100          76.7744            0.00s
GradBoost Classifier:  0.935188327112
             precision    recall  f1-score   support

          1       0.98      0.93      0.96       521
          2       0.92      0.93      0.92       467
          3       0.92      0.97      0.95       401
          4       0.84      0.92      0.88       449
          5       0.94      0.87      0.90       572
          6       1.00      1.00      1.00       537

avg / total       0.94      0.94      0.94      2947

[[486   5   5   0   0   0]
 [ 29 433   8   1   0   0]
 [  6  26 388   0   0   0]
 [  0   3   0 414  74   0]
 [  0   0   0  34 498   0]
 [  0   0   0   0   0 537]]
Bagging Classifier:  0.958601968103
             precision    recall  f1-score   support

          1       1.00      0.96      0.98       515
          2       0.96      0.95      0.96       478
          3       0.93      0.99      0.96       396
          4       0.89      0.95      0.92       460
          5       0.96      0.91      0.93       561
          6       1.00      1.00      1.00       537

avg / total       0.96      0.96      0.96      2947

[[494   0   2   0   0   0]
 [ 15 454   2   0   0   0]
 [  6  22 392   0   0   0]
 [  0   2   0 438  51   0]
 [  0   0   0  22 510   0]
 [  0   0   0   0   0 537]]
Linear Discriminant analysis: 0.963352561927
             precision    recall  f1-score   support

          1       0.99      0.98      0.99       502
          2       0.98      0.96      0.97       483
          3       0.96      1.00      0.98       403
          4       0.88      0.95      0.92       454
          5       0.96      0.90      0.93       568
          6       1.00      1.00      1.00       537

avg / total       0.96      0.96      0.96      2947

[[492   4   0   0   0   0]
 [  8 463   0   0   0   0]
 [  2  15 403   0   0   0]
 [  0   1   0 433  57   0]
 [  0   0   0  21 511   0]
 [  0   0   0   0   0 537]]
